100 
200 
300 0.01 0.01 0.01 0.01 0.02 0.01 0.01 0.02 0.01 0.02 
400 0.04 0.04 0.04 0.04 0.04 0.04 0.04 0.04 0.04 0.04 
500 0.08 0.08 0.09 0.08 0.08 0.08 0.08 0.08 0.08 0.09 
600 0.15 0.15 0.15 0.16 0.15 0.16 0.15 0.16 0.15 0.15 
700 0.24 0.24 0.24 0.24 0.25 0.25 0.25 0.25 0.25 0.24 
800 0.37 0.37 0.37 0.37 0.37 0.37 0.37 0.37 0.37 0.37 
900 0.53 0.54 0.54 0.54 0.53 0.54 0.56 0.54 0.53 0.56 
1000 0.76 0.73 0.74 0.74 0.77 0.74 0.74 0.74 0.74 0.75 
1100 1.01 0.98 0.99 1.00 1.06 0.98 0.98 1.05 0.99 1.00 
1200 1.30 1.30 1.31 1.31 1.30 1.30 1.31 1.32 1.30 1.32 
1300 1.69 1.67 1.69 1.66 1.66 1.66 1.68 1.62 1.66 1.68 
1400 2.12 2.16 2.11 2.13 2.10 2.12 2.16 2.13 2.11 2.16 
1500 2.70 2.63 2.66 2.64 2.65 2.62 2.64 2.63 2.62 2.68 
1600 3.27 3.30 3.25 3.28 3.28 3.24 3.26 3.30 3.26 3.25 
1700 4.07 4.05 4.05 4.02 4.00 3.92 4.00 3.95 4.03 4.01 
1800 4.80 4.81 4.83 4.97 4.98 4.98 4.88 4.83 4.93 4.88 
1900 5.96 5.83 5.95 5.83 5.99 5.80 5.91 5.80 5.72 5.80 
2000 6.94 6.93 7.10 6.90 7.01 6.98 6.99 7.06 7.00 7.11 
2100 8.08 8.15 8.35 8.15 8.28 8.29 8.26 8.19 8.45 8.26 
2200 9.98 9.73 9.79 9.86 9.93 9.67 9.81 9.81 9.86 9.71 
2300 11.48 11.57 11.69 11.42 11.56 11.46 11.25 11.51 11.41 11.35 
2400 13.31 12.98 13.48 13.17 13.28 13.06 13.10 13.16 13.03 13.50 
2500 15.28 15.14 14.94 15.27 15.44 15.05 15.35 15.16 15.11 15.06 
