100 
200 0.01 
300 0.01 0.02 0.01 0.02 0.01 0.02 0.01 
400 0.04 0.03 0.05 0.03 0.08 0.04 0.04 0.04 0.04 
500 0.08 0.07 0.06 0.09 0.10 0.05 0.10 0.04 0.03 0.05 
600 0.10 0.05 0.11 0.05 0.11 0.14 0.08 0.09 0.11 0.14 
700 0.20 0.27 0.13 0.19 0.23 0.21 0.15 0.13 0.18 0.17 
800 0.27 0.25 0.32 0.28 0.31 0.28 0.21 0.28 0.21 0.29 
900 0.38 0.35 0.32 0.33 0.32 0.38 0.31 0.40 0.30 0.49 
1000 0.51 0.54 0.59 0.54 0.59 0.51 0.59 0.50 0.49 0.44 
1100 0.73 0.87 0.76 0.73 0.76 0.61 0.70 0.77 0.65 0.73 
1200 0.83 0.92 0.98 0.93 0.87 0.89 0.85 0.88 0.95 0.80 
1300 1.15 1.09 1.39 1.15 1.22 1.16 1.15 1.22 1.31 1.19 
1400 1.56 1.23 1.46 1.41 1.37 1.41 1.37 1.30 1.47 1.56 
1500 1.64 1.71 1.94 1.85 1.65 1.81 1.75 1.97 1.99 1.94 
1600 2.00 2.01 2.45 2.31 2.09 2.36 2.12 1.99 2.23 2.20 
1700 2.70 2.66 2.81 2.74 2.42 2.67 2.54 3.07 2.68 2.57 
1800 3.25 3.15 3.34 3.37 3.31 3.37 3.26 3.25 3.64 3.10 
1900 3.98 4.66 3.90 3.95 3.67 3.85 4.01 4.07 3.89 3.91 
2000 4.72 4.63 4.63 4.42 4.55 4.70 4.80 4.64 4.33 5.00 
2100 5.37 5.58 5.32 5.61 5.29 5.48 5.59 5.32 5.33 5.56 
2200 6.67 6.32 6.34 6.29 6.71 6.21 7.11 6.65 6.25 6.15 
2300 7.60 8.05 8.55 7.39 8.31 7.05 7.01 7.92 7.49 7.53 
2400 8.16 8.27 8.35 8.21 8.53 8.62 8.56 8.38 8.38 8.69 
2500 9.62 9.83 9.76 9.95 9.40 9.81 9.69 9.32 9.79 9.56 
